;meta[fps=30]
;meta[frames=88]
jaw_open_a;0;0;0;-0.012464762;0.0034285714;0.05606095;0.084522665;0.11365485;0.116147816;0.08309639;0.07344458;0.10836725;0.09464686;0.07978057;0.044626288;0.0015405704;-0.01526857;0.02289143;0.04843429;0.09484343;0.1302697;0.15260953;0.15402132;0.14808458;0.10222553;0.06190476;0.02185143;0.0016152384;-0.0067352382;-0.0019352381;-0.020521145;0.0077508576;0.0859482;0.14719889;0.18303315;0.16769107;0.09733258;0.045902856;0.027728;0.005508571;-0.0012114282;-0.002514286;-0.008868572;0.009828572;0.029165719;0.045165718;0.040060956;0.031390477;0.035977144;0.075462095;0.10095848;0.10012343;0.063759245;0.022220196;0.0026605728;-0.0012891431;-0.00011885725;-0.004205714;-0.0029714291;0.01302857;0.05266286;0.07026286;0.06582858;0.039360005;0.0069028586;-0.010148572;-0.008228572;-0.0024914274;0.034868576;0.07793524;0.12722667;0.14818287;0.11474666;0.063946664;0.025508571;-0.004784762;-0.005790476;0;0;0;0;0;0;0;0;0;0;0;0;0;0;0;0;0;0;0;0;0;0;0
jaw_open_o;0;0;0;0;0;0;-0.009691428;0.0095999995;0.02806857;0.047817145;0.07460572;0.112959996;0.12758857;0.15050972;0.1552;0.15059201;0.14005305;0.12797533;0.1083255;0.07302584;0.052378066;0.03129417;0.0178976;0.026336;0.063248;0.07515124;0.09512838;0.08367544;0.054040387;0.030908953;0.0060137156;-0.00085904624;0.03892953;0.08044573;0.114118874;0.1262286;0.09876344;0.07571544;0.05207543;0.024662858;0.008388572;0.0006400003;-0.0032000002;0;0;0;-0.0074361903;-0.0003047628;0.039497145;0.060403813;0.062415235;0.04553143;0.0076906667;-0.015205335;0.006486858;0.03590172;0.060173728;0.08341716;0.09893487;0.099616006;0.100580566;0.08768;0.053394284;0.022079999;0.0019428567;-0.00672;-0.0054247626;-0.001645714;0.030948574;0.04833524;0.05051429;0.03698286;0.01000381;-0.020982858;0.010262856;0.053097147;0.079428576;0.06810971;0.07015087;0.06667429;0.10060802;0.15567315;0.18039544;0.1396526;0.09169372;0.039483435;-0.00074742537;-0.01082743;-0.002098286;0.0007680001;0;0;0;0;0;0;0;0;0;0
jaw_chew;0;0;0;0;0.0000667952;-0.0013359038;0.0047663143;0.017395375;0.027166562;0.03173249;0.035363283;0.04437109;0.051188968;0.047797684;0.034725294;0.024522232;0.024443414;0.040904425;0.045848217;0.038322303;0.02419837;0.009476138;-0.0009950574;0;0;0;0;0;0;0;0;0;0;0;0;0;0;0;0;0;0;0;0;0;0;0;-0.00083653023;0.0068989885;0.03139374;0.050239526;0.053388443;0.037691567;0.013826604;-0.0014663134;0;-0.0006584097;0.0065840976;0.012519328;0.022128293;0.033273548;0.050000973;0.054399915;0.04985784;0.029122703;0.009962026;-0.0010782653;0;0;0;0;0;0;0;-0.0008238073;0.0077100727;0.021498507;0.03282029;0.043941695;0.043464582;0.032390896;0.020273933;0.008855135;-0.0009112773;0;0;0;0;0;0;0;0;0;0;0;0;0;0;0;0;0
jaw_front;0;0;0;-0.002361687;0.022362072;0.058913354;0.090507;0.11911491;0.11619501;0.089049906;0.077653;0.080924764;0.07676629;0.07421065;0.043903768;0.009906205;0.0039211162;0.03660257;0.0815784;0.13280267;0.1631475;0.178044;0.17837465;0.17005579;0.14657487;0.11466205;0.079743914;0.06713156;0.059147142;0.047219433;0.027297765;0.017160637;0.01614058;0.023662193;0.022655495;0.01936106;0.027097376;0.050843064;0.07699099;0.10431262;0.12089357;0.112876244;0.095360175;0.07957216;0.08265309;0.096547686;0.09348846;0.074486904;0.06496358;0.08237278;0.10346694;0.10059355;0.06665683;0.026629815;0.00087310915;-0.002304434;-0.00017175906;-0.0012881929;0.012595665;0.03106692;0.053273935;0.069533795;0.08132076;0.11202985;0.17968862;0.24081813;0.2607398;0.23421258;0.19230811;0.14607155;0.13170102;0.12535071;0.10755934;0.07801202;0.05090748;0.011970654;-0.0014217836;-0.0030336943;0.027367659;0.08734162;0.16229941;0.22522335;0.24856754;0.2083695;0.14277901;0.07023014;0.016744364;-0.0030551637;-0.0016961206;0.00015028917;0;0;0;0;0;0;0;0;0;0
jaw_back;0;0;0;-0.00018554214;0.0018978309;0.0024915657;0.011742169;0.016800845;0.036941454;0.064730376;0.08579868;0.07792773;0.05415181;0.017249856;-0.0025040247;-0.0051973024;0.011834677;0.063022055;0.10283995;0.10790365;0.08736731;0.04979608;0.040368415;0.058125064;0.058590777;0.038861018;0.02300723;0.0024067473;-0.0003922892;0;0;0;0;0;0;0;0;0;0;0;0;0;0;0;0;-0.0031489164;0.028213017;0.09349737;0.16660629;0.19060484;0.15210855;0.06744088;0.032424286;0.05698344;0.14567395;0.23231207;0.28213257;0.24689731;0.1990465;0.15707286;0.14825033;0.14692557;0.12565845;0.07070748;0.02647422;0.04262302;0.113411345;0.20041475;0.2223392;0.16964124;0.11106555;0.08079037;0.0793352;0.06663616;0.033397596;-0.005354218;-0.0013783135;0.02779422;0.0803607;0.2150243;0.42874372;0.6667697;0.8290192;0.8628853;0.7760432;0.5974996;0.39122775;0.1982982;0.061718747;-0.0068715545;0;0;0;0;0;0;0;0;0;0
jaw_up;0.0017284515;0.0010806207;0.00078064867;-0.0025208483;-0.004221291;-0.0071311076;-0.005901855;-0.005299201;-0.0032310216;-0.0023482733;-0.0011628425;-0.0008518024;0.0026824663;0.0053649326;0.011270626;0.01663556;0.028987711;0.034623023;0.04510385;0.035378605;0.030759081;0.026633566;0.036862653;0.056403283;0.08960969;0.13811804;0.19174704;0.23706809;0.2376305;0.205693;0.15066807;0.10076614;0.05994467;0.037852466;0.024513207;0.02791432;0.038340375;0.063750796;0.07875661;0.09879418;0.08800648;0.07999964;0.06358725;0.06044251;0.06411942;0.06639044;0.07119135;0.056370072;0.04610485;0.027871625;0.018097697;0.008601601;0.004856471;0.0009216004;0.002683483;0.0038219308;0.008348614;0.01012405;0.015396146;0.012278968;0.01114052;0.0065596253;0.004635107;0.0023446593;0.0013552944;0;0;0;0;0;0;0;0;0;0;0;0;0;0;0;0;0;0;0;0;0;0;0;0;0;0;0;0;0;0;0;0;0;0;0
jaw_left;0;0;0;-0.0011132531;0.009128675;0.041810606;0.07101919;0.09992878;0.10392695;0.09119769;0.08136608;0.09351327;0.08797244;0.07670951;0.045449357;0.014605882;-0.0016030847;0;0;0;0;0;0;0;0;0;0;0;0.00009542171;-0.001107952;-0.002907712;0.023133934;0.08056163;0.13717401;0.15181857;0.1166623;0.05309422;0.010286459;-0.0013207953;0;0;0;0;0;0;0;-0.0007792773;0.006144097;0.032072295;0.052455436;0.056802418;0.040766273;0.015707474;-0.0016486751;0;0;0;0;0;0;0;0;0;0;0;0;-0.0012563859;0.010279038;0.047975913;0.07526121;0.10013448;0.10077592;0.07895086;0.04781688;0.036111813;0.04067085;0.060587473;0.066954225;0.048506036;0.019195667;-0.0020038558;0;0;0;0;0;0;0;0;0;0;0;0;0;0;0;0;0;0;0
corner_right_tight;0;0;0;-0.00036737366;0.0036366282;0.007084003;0.016094489;0.022741908;0.023338424;0.020468082;0.033115573;0.07045501;0.09979258;0.099663995;0.06574595;0.023567569;-0.0025159523;0;0.00012858074;-0.0021332714;0.005903025;0.012714279;0.028541492;0.038822845;0.037937444;0.04636449;0.07060103;0.12071375;0.17134637;0.18780951;0.1580226;0.14854714;0.12571979;0.13480662;0.13436688;0.11788935;0.081586614;0.05879684;0.021671047;0.003966891;0.016604543;0.04140152;0.09429292;0.16747782;0.24422272;0.2863287;0.2783044;0.21628337;0.17018858;0.14855585;0.1753179;0.23971903;0.29991043;0.34428912;0.3338463;0.2550719;0.15321705;0.074286826;0.047168538;0.08194546;0.1226217;0.1776678;0.21836092;0.23426001;0.212405;0.15320961;0.07272512;0.028280249;0.012801856;0.0382319;0.08362804;0.13206337;0.18819174;0.25876075;0.31853366;0.3354019;0.2902325;0.19318952;0.098900855;0.056941792;0.06659091;0.098310836;0.12369967;0.12869178;0.115652524;0.088989556;0.058217853;0.029503439;0.009187679;-0.0010228014;0;0;0;0;0;0;0;0;0;0
corner_left_tight;0;0;0;-0.00028573503;0.0028239528;0.005432677;0.01384887;0.02009422;0.020904113;0.018613594;0.030768463;0.06686106;0.09547816;0.09535013;0.062929414;0.022582341;-0.0024101932;0;0.00010520241;-0.0017416845;0.004792555;0.01020946;0.024418281;0.034338295;0.034176316;0.04545097;0.07182152;0.1248402;0.17723362;0.19423485;0.16149965;0.14371264;0.11379665;0.116432376;0.11555105;0.10312668;0.07294778;0.05365509;0.02086969;0.0036254933;0.01597444;0.04001811;0.089467704;0.15522647;0.21872088;0.25000328;0.23926148;0.19083609;0.15488692;0.13294135;0.13468915;0.15753424;0.17955911;0.20374928;0.20257647;0.1611164;0.103763;0.05655939;0.047304634;0.07956867;0.115712285;0.16033813;0.18890052;0.19555593;0.1750071;0.12534858;0.059128586;0.023413757;0.011134759;0.032260407;0.07098381;0.10573123;0.13841356;0.1721351;0.195701;0.20210943;0.18108176;0.12782651;0.07432078;0.051299263;0.060901064;0.08974156;0.112879954;0.11753447;0.105786875;0.081485115;0.05337269;0.02704871;0.008392815;-0.00093513256;0;0;0;0;0;0;0;0;0;0
corner_right_spread;0;0;0;-0.0006605303;0.0059521943;0.018546801;0.04004261;0.068253554;0.07884338;0.069171995;0.056076422;0.050902575;0.048865136;0.0472576;0.029114354;0.009011785;-0.0009963616;0;-0.0011338483;0.010321527;0.031332504;0.062471125;0.0910168;0.10570896;0.09136079;0.06394137;0.030213691;0.007737109;-0.00090915675;0;-0.0025256935;0.022317946;0.0786057;0.13490264;0.14994964;0.11648804;0.05282526;0.010041543;-0.0012980533;0;0;0;-0.0008126749;0.008171279;0.015819328;0.019314943;0.01402699;0.014075231;0.032948587;0.07029452;0.09166711;0.0830524;0.0498923;0.015995594;0.0004007711;-0.0015362895;-0.00015028918;0.00008906026;-0.00087947;-0.00018925306;0.0122457845;0.023322653;0.027775666;0.02155258;0.009473784;-0.00096853025;-0.0012579762;0.010290169;0.046794116;0.08892064;0.11696302;0.1085793;0.07020779;0.028998394;0.008076096;-0.00093374116;0;0;0;0;0;0;0;0;0;0;0;0;0;0;0;0;0;0;0;0;0;0;0;0
corner_left_spread;0;0;0;-0.0006531085;0.0058928207;0.018272197;0.039355915;0.067105055;0.07755942;0.06803183;0.055133864;0.049906217;0.047798082;0.046160154;0.029059358;0.014037233;0.016128369;0.039076302;0.050970852;0.05245615;0.04858638;0.053268086;0.06973317;0.090535305;0.08492619;0.060472466;0.029801786;0.007536724;-0.0008868918;0;-0.0026297825;0.023248624;0.08174368;0.14016832;0.15570515;0.12088121;0.05474172;0.010390549;-0.001343975;0;0;0;-0.00080154225;0.008059952;0.015596676;0.019036628;0.013815471;0.013874845;0.032531116;0.06940392;0.090553865;0.08206716;0.049458127;0.01607352;0.00069578324;-0.0013136386;-0.000038963866;0.00007792773;-0.00087947;-0.00022265072;0.012579761;0.023990607;0.028610608;0.022220533;0.009807761;-0.0010019279;-0.0013136388;0.010757736;0.048748985;0.09254344;0.12168042;0.11293768;0.07301735;0.030195141;0.008425101;-0.00097353995;0;0;0;0;0;0;0;0;0;0;0;0;0;0;0;0;0;0;0;0;0;0;0;0
corner_right_out;0;0;0;-0.0013618796;0.010446025;0.056464195;0.121037886;0.16984345;0.18180093;0.165843;0.16445273;0.21560188;0.23983315;0.20744917;0.12876688;0.049337152;0.011039241;0.034742404;0.050847284;0.06861425;0.10316206;0.13404106;0.14849222;0.14289531;0.10711072;0.06443436;0.036537714;0.019379882;0.0097520985;0.0067017837;0.0048556398;0.014686409;0.03565073;0.060058154;0.09555795;0.1303392;0.1604708;0.18526554;0.20401561;0.18582514;0.16116473;0.12499921;0.12358353;0.1714549;0.25530887;0.32035068;0.3322532;0.2918221;0.23804304;0.18454733;0.14149615;0.12034267;0.11063789;0.12775582;0.16376595;0.19217868;0.20754267;0.19430861;0.18247056;0.1814508;0.18826643;0.21300429;0.23783728;0.23560148;0.19816093;0.14752276;0.10088301;0.09857301;0.11633774;0.12416298;0.12522614;0.13297345;0.14364678;0.1487102;0.14302057;0.10913964;0.07603891;0.05268471;0.045724086;0.08590055;0.16878143;0.26017392;0.32233104;0.3356717;0.30193093;0.23247981;0.15218699;0.077113375;0.02398615;-0.0026709726;0;0;0;0;0;0;0;0;0;0
corner_left_out;0;0;0;-0.0012765302;0.009785494;0.05291663;0.114301234;0.16012405;0.1713126;0.15709655;0.15954255;0.21513432;0.24307494;0.21160828;0.13177356;0.050384063;0.0102695385;0.0331126;0.04333282;0.049133427;0.07272883;0.09994107;0.12099036;0.12751758;0.10250334;0.06740525;0.04362172;0.032835405;0.02615032;0.021741837;0.014585474;0.019979926;0.03491014;0.05865268;0.09593088;0.13483538;0.16821718;0.19340251;0.20839505;0.18486588;0.16121446;0.12807828;0.13203388;0.18791623;0.28622204;0.3647695;0.38144565;0.32936653;0.2563516;0.18587877;0.13694741;0.11672683;0.10822602;0.12596016;0.16350767;0.19508259;0.21446043;0.20684607;0.1974477;0.19558021;0.19848165;0.21862067;0.23894681;0.23509309;0.19686025;0.14543353;0.097478315;0.091980696;0.102378294;0.105326734;0.10677954;0.11897429;0.1357204;0.14555416;0.14064822;0.10812657;0.0760556;0.051897913;0.043361764;0.08010942;0.15767866;0.24298808;0.30090144;0.3132519;0.28166193;0.21676958;0.141883;0.07185326;0.022361359;-0.0024897906;0;0;0;0;0;0;0;0;0;0
corner_right_in;0;0;0;-0.0002671808;0.0026718075;0.0049317116;0.008126749;0.038855318;0.0800596;0.11146447;0.11042079;0.07297374;0.06405658;0.12637818;0.24172756;0.3605121;0.4233108;0.39302513;0.3248078;0.22318777;0.13131733;0.06387672;0.026141891;0.025222609;0.04382748;0.04667036;0.047944114;0.04914271;0.045454137;0.05348811;0.058510736;0.06411968;0.06787133;0.05830664;0.031048633;0.00849412;-0.00097409653;0;-0.0041524344;0.039153114;0.106760986;0.15123545;0.14232941;0.088919245;0.02000145;-0.0032247235;-0.0033620247;0.0068168202;0.044159044;0.07389032;0.08074426;0.057221215;0.021352198;-0.0022561932;0;0.000011132533;-0.00026718076;0.0013359038;0.0020112772;0.010475712;0.034288194;0.051721737;0.050975855;0.057076488;0.088811636;0.133082;0.15928797;0.13299665;0.070929065;0.019010652;0.019942075;0.033657357;0.04208097;0.032224968;0.023623234;0.022309596;0.036915477;0.036626033;0.02426892;0.007102556;-0.0007941207;0;0;0;0;0;0;0;0;0;0;0;0;0;0;0;0;0;0;0
corner_left_in;0;0;0;-0.0002783133;0.002783133;0.005154363;0.00866111;0.036456257;0.075628854;0.10660512;0.107554175;0.07297374;0.06229208;0.11497577;0.21773453;0.32463887;0.38135135;0.35523236;0.2947321;0.20355152;0.12020185;0.058263186;0.024110336;0.024124198;0.041277204;0.0441853;0.038013145;0.022654703;0.008429182;0.009251134;0.018457737;0.03684534;0.05178409;0.04848218;0.029885283;0.008739038;-0.0009796628;0;-0.004196965;0.03988044;0.104831345;0.14670822;0.13616942;0.08372406;0.01713668;-0.0029426997;-0.0032432778;0.0058520013;0.0395576;0.06646863;0.07280304;0.051580735;0.019244438;-0.0020335426;0;0.000011132533;-0.0002449157;0.0011132534;0.001480627;0.01063528;0.036922902;0.05637886;0.055881605;0.062846854;0.098931104;0.14894214;0.17838025;0.14902748;0.07957904;0.021515468;0.02026492;0.033716727;0.04230362;0.03233629;0.025363619;0.026992677;0.04681044;0.051617835;0.040336873;0.019394727;0.00606723;0.0017700726;-0.00020595184;0;0;0;0;0;0;0;0;0;0;0;0;0;0;0;0;0
corner_right_up;0;0;0;0;-0.00043787961;0.0032432778;0.018924935;0.04530198;0.062716976;0.06550864;0.061055996;0.06991231;0.0766731;0.07299601;0.046767768;0.01653849;-0.0017722992;0;0;0;0;-0.0014175426;0.013158655;0.03851856;0.055773985;0.053770132;0.034510847;0.00875017;-0.0010167712;0;0;0;0;-0.0008098918;0.007263977;0.02348686;0.04653677;0.06740006;0.08166176;0.07426048;0.05495148;0.031590044;0.02202117;0.033351213;0.0616297;0.08497323;0.098227344;0.100416005;0.098355085;0.08751952;0.07392168;0.06244683;0.066290334;0.083265774;0.10827667;0.12236713;0.12316366;0.1074139;0.095691346;0.09002878;0.086832635;0.08649421;0.0820746;0.06731007;0.048905212;0.04155032;0.04857031;0.071140595;0.081542075;0.06689167;0.053035382;0.05889109;0.06865804;0.065288596;0.041477956;0.011807907;0.0043546758;0.02473287;0.047887694;0.09289318;0.15763135;0.2304893;0.2789356;0.2910074;0.26171437;0.20147432;0.13188876;0.066832766;0.020783324;-0.0023144532;0;0;0;0;0;0;0;0;0;0
corner_left_up;0;0;0;-0.00003339758;-0.0001521447;0.004300867;0.022049833;0.045019217;0.05877606;0.058594223;0.054104846;0.06383023;0.07330772;0.06875006;0.043928973;0.015541015;-0.0016654269;0;0;0;0;-0.0014138316;0.013073304;0.03892675;0.056646034;0.053685524;0.046427116;0.04532054;0.05285727;0.053718183;0.03567606;0.01053954;-0.0011755954;0;0;0;0;0;0;0;0;0;-0.0009573978;0.008405061;0.029979907;0.05474979;0.07576801;0.08691167;0.089910775;0.08508149;0.07803682;0.07017948;0.076130375;0.09448736;0.11861517;0.12963387;0.12665816;0.108340405;0.09649735;0.093415864;0.09280829;0.09516645;0.0925503;0.07754644;0.057254612;0.04674921;0.050429445;0.070984736;0.08106338;0.067585595;0.042455763;0.032610897;0.043761984;0.06622186;0.08219148;0.07850661;0.0628617;0.05533063;0.057172228;0.092698365;0.15769257;0.23047818;0.2789356;0.2910074;0.26171437;0.20147432;0.13188876;0.066832766;0.020783324;-0.0023144532;0;0;0;0;0;0;0;0;0;0
corner_right_down;0;0;0;-0.00079040986;0.006939279;0.025456391;0.039056633;0.039928682;0.027200487;0.008857784;-0.0009648194;0;0;0;0;0;0;0;0;0;0;0;0;0;0;0;0;0;0;0;0;0;0;0;0;0;0;0;0;0;0;0;0;0;0;0;0;0;0;0;0;0;0;0;0;0;0;0;0;0;0;0;0;0;0;0;0;0;0;0;0;0;0;0;0;0;0;0;0;0;0;0;0;0;0;0;0;0;0;0;0;0;0;0;0;0;0;0;0;0
corner_left_down;0;0;0;-0.00079040986;0.0067908447;0.02589427;0.05159595;0.07350811;0.0740369;0.054716397;0.03587737;0.035724297;0.040157273;0.04164959;0.027992751;0.010308726;-0.0010937713;0;0;0;0;0;0;0;0;0;0;0;0;0;0;0;0;0;0;0;0;0;0;0;0;0;0;0;0;0;-0.0004675664;0.003696001;0.019147957;0.031282417;0.0338429;0.024268921;0.009329063;-0.0009796629;0;0;0;0;0;0;0;0;0;0;0;0;0;0;0;0;0;0;0;0;0;0;0;0;0;0;0;0;0;0;0;0;0;0;0;0;0;0;0;0;0;0;0;0;0;0
lips_in;0;0;0;0;0;0;0;0;0;0;0;0;0;0;0;0;0;0;0;-0.00026050126;0.0026050124;0.005210025;0.006512531;0.005210025;0.0026050124;-0.00026050126;0;0;0;0;0;0;0;0;0;0;0;0;0;0;0;0;0;0;0;0;0;0;0;0;0;0;0;0;0;0;0;0;0;0;0;0;0;0;0;0;0;0;0;0;0;0;0;0;-0.0006011568;0.005047808;0.021030946;0.039640084;0.057579838;0.06709649;0.06686914;0.063531056;0.060442727;0.05292683;0.046865176;0.036485203;0.023770738;0.011958009;0.003737191;-0.00041580005;0;0;0;0;0;0;0;0;0;0
lips_out;0;0;0;-0.00041349404;0.0041985554;0.0069371583;0.015286556;0.026760062;0.04673182;0.07002044;0.091626465;0.09149032;0.09263538;0.09684271;0.110883445;0.12011855;0.11467361;0.09825953;0.07811507;0.053445887;0.03567016;0.029516287;0.038529314;0.053976875;0.05148223;0.041769896;0.039998546;0.05620179;0.068196304;0.060769312;0.038691908;0.034269914;0.035588395;0.062365238;0.06944394;0.06012084;0.047504105;0.04807473;0.05694442;0.086137176;0.10290182;0.11395292;0.11723909;0.1104697;0.10375996;0.09592823;0.07904956;0.068479694;0.06799098;0.07434623;0.085504204;0.089229144;0.07664908;0.05408184;0.03362088;0.014370507;0.0043035187;0.010980177;0.028073065;0.057577457;0.09788198;0.13646895;0.15406151;0.17294388;0.19331484;0.2056624;0.1891926;0.13702707;0.068835944;0.03442179;0.04533207;0.06772635;0.08398462;0.08365294;0.078660406;0.07825533;0.08033553;0.0786243;0.066082716;0.044873647;0.022770798;0.008597496;-0.00091604836;0;0;0;0;0;0;0;0;0;0;0;0;0;0;0;0;0
lips_up;0;0;0;0;0;0;0.00018130122;-0.0018130122;-0.0035473017;-0.005753929;-0.0025143616;0.021457953;0.04257239;0.049285304;0.03753174;0.016121496;-0.0016555665;0;0;-0.00081156153;0.008115615;0.015329496;0.029354101;0.033788823;0.029704776;0.016261289;0.0050821602;0.00072043424;0.007710074;0.012175809;0.011126171;0.006948609;-0.00067176885;0;0;0;0;0;0;0;0;0;0;0;0;0.00007633737;-0.00084925315;-0.0021756152;0.014885786;0.0307735;0.038645793;0.031088393;0.01499075;-0.0015076629;0;0;0;0.000085879525;-0.0008587953;-0.0017175906;-0.0021469882;-0.0017175906;-0.0022805787;0.012233063;0.048140246;0.08670652;0.102944106;0.08608627;0.046082318;0.011262941;0.02211557;0.04674073;0.06262844;0.054740246;0.030161206;0.0117909415;0.03985765;0.07589794;0.11753997;0.13132316;0.108521186;0.06511435;0.028188044;-0.00040363372;-0.0015129113;0.00040220236;0.000024332534;-0.00012309398;0.000010019278;0;0;0;0;0;0;0;0;0;0;0
lip_upper_front;0;0;0;-0.0003117109;0.0031430845;0.005974458;0.00598188;0.018498559;0.028466811;0.030994823;0.027047414;0.025757894;0.041635666;0.08725288;0.13919215;0.18312123;0.2025265;0.18778244;0.15414828;0.10427036;0.06242;0.032424428;0.02130008;0.030471595;0.045016993;0.043999944;0.03834304;0.039984345;0.0433742;0.047207505;0.03318608;0.012013116;-0.0012776436;0;0;0;0;0;-0.0012097352;0.011143665;0.033731576;0.049317118;0.04741902;0.036225263;0.03110986;0.045162827;0.05625268;0.05382765;0.04897015;0.046554767;0.055159833;0.06977722;0.076901674;0.08029191;0.071882755;0.047543705;0.02140229;0.0053792396;-0.0018758316;-0.0016064243;0.0119118085;0.02449157;0.029111572;0.041346222;0.06797523;0.09452633;0.10965544;0.089060254;0.045031086;0.012791277;0.0065830373;0.017769378;0.037787523;0.06023813;0.082434535;0.09216251;0.08344204;0.05796153;0.027842464;0.0061340253;-0.0007533014;0;0;0;0;0;0;0;0;0;0;0;0;0;0;0;0;0;0;0
lip_lower_front;0;0;0;-0.00020038556;0.0016476146;0.0065978803;0.019708293;0.05265595;0.08766127;0.106509574;0.09532323;0.058236133;0.05196388;0.102170706;0.19502571;0.29020724;0.34020463;0.31375152;0.25740868;0.17422992;0.102545545;0.064143136;0.04795561;0.052000053;0.058648407;0.05998987;0.061430052;0.08374261;0.08734955;0.09327578;0.07354522;0.049896747;0.024700118;0.013396147;-0.0010279035;-0.0010835666;0.00008906026;0;-0.0014212532;0.012895184;0.041598562;0.061878324;0.060387496;0.049031384;0.042940035;0.05430356;0.06272996;0.057056077;0.052501947;0.050042585;0.046838276;0.033471815;0.012216099;-0.00129694;0;0;-0.00012245784;0.0010074942;0.0037961933;0.014383232;0.036932174;0.05132097;0.04800348;0.050691985;0.072053455;0.102029644;0.11772653;0.09490483;0.04740232;0.012323711;0.012769014;0.029571716;0.041969646;0.038481448;0.030425208;0.028098512;0.034889355;0.036459044;0.024936873;0.008238073;-0.0008943134;0;0;0;0;0;0;0;0;0;0;0;0;0;0;0;0;0;0;0
lip_upper_back;0;0;0;0;0;-0.0008126749;0.006761343;0.029907547;0.047624968;0.050388627;0.03543485;0.012841376;-0.001365405;0;0;0;0;0;0;0;0;-0.0010130604;0.00949605;0.026606752;0.038017597;0.036125068;0.02282169;0.0053324825;-0.0006345543;0;0;0;0;0;0;0;0;0;0;0;0;0;-0.000011132533;0.00016698797;-0.0010047109;0.005326917;0.016468726;0.037567656;0.06468521;0.08439832;0.07881628;0.055343527;0.02681456;0.00852381;0.005096475;0.005192214;0.010892069;0.028326727;0.06735182;0.1068556;0.12954;0.12444315;0.095841825;0.056985576;0.026124341;0.0072565554;-0.0005714697;-0.000022265089;0;-0.0010279038;0.009978458;0.023563858;0.03170916;0.028072532;0.0163574;0.0011986021;-0.0014546507;0.009426656;0.023103159;0.04609499;0.07525016;0.10480851;0.12310223;0.12869178;0.115652524;0.088989556;0.058217853;0.029503439;0.009187679;-0.0010228014;0;0;0;0;0;0;0;0;0;0
lip_lower_back;0;0;0;0.00008906026;-0.0010130603;-0.0005566266;0.00022265059;0.0013915665;0.000690217;-0.0035290122;-0.007614652;0.009796629;0.027775666;0.038017593;0.03152733;0.014639279;-0.0014806268;0;0.000046756635;-0.0010754025;0.004330555;0.019114558;0.030625595;0.030870512;0.018422857;0.02316123;0.04882988;0.10810431;0.15780178;0.18414506;0.17123042;0.14112636;0.090510085;0.051112235;0.019504197;0.0040466753;-0.0005148796;0;0.00015214458;-0.0025159519;0.0058000474;0.026944436;0.04547268;0.049493376;0.034777105;0.022727065;0.019951355;0.024258716;0.029256295;0.028165305;0.02048664;0.017032772;0.008316001;-0.0008349398;0;0.0000667952;-0.0006679519;-0.0016030847;0.0010019278;0.0040077115;0.0060115675;0.00541041;0.0026718075;-0.0002671808;0;0;0;0;0;-0.0004786989;0.0048203864;0.0092400005;0.01129952;0.008739037;0.0041190367;-0.0008126748;0.0000333976;0;0;0;0;0;0;0;0;0;0;0;0;0;0;0;0;0;0;0;0;0;0;0
lip_upper_out;0;0;0;0;0;0;0;0;0;0;0;0;0;0;0;0;0;0;0;0;0;0;0;0;0;0;0;0;0;0;0;0;0;0;0;0;0;0;0;0;0;0;-0.0006401206;0.005221158;0.023751255;0.04812037;0.05867215;0.05692991;0.05153434;0.044055138;0.037574146;0.026755182;0.009392145;-0.0010056386;0;0;0;-0.0009629641;0.008494123;0.029684896;0.056080125;0.06623856;0.055579167;0.028983546;0.008160146;-0.0009295664;0;0;0;0;0;0;0;0;0;0;0;0;0;0;0;0;0;0;0;0;0;0;0;0;0;0;0;0;0;0;0;0;0;0
lip_lower_out;0;0;0;0;-0.0010798556;0.009833736;0.030314626;0.055599578;0.06416699;0.054352734;0.035606477;0.039193004;0.046076436;0.049042698;0.032455225;0.016192267;0.021245882;0.057983797;0.07848158;0.0792347;0.0710712;0.05579903;0.049083702;0.05730656;0.059072927;0.06517579;0.08013419;0.07463528;0.05589088;0.031903982;0.014076161;0.024510311;0.04317651;0.064983375;0.06692043;0.051322367;0.027686605;0.013801;-0.004120428;0.025923954;0.06601796;0.11455005;0.139088;0.12970977;0.09108731;0.06394711;0.03690267;0.041768327;0.06957647;0.0977544;0.10410902;0.07980097;0.036807865;0.007332627;-0.0019259277;-0.001148877;0.00002449174;-0.0011678026;0.01143311;0.026283907;0.038824704;0.03773928;0.026050124;0.008399496;0.0029167235;-0.0003228434;0;-0.00036125068;0.0024614027;0.017248005;0.0464106;0.070995875;0.07430037;0.052893072;0.033586107;0.041053064;0.06433119;0.07323129;0.08410535;0.10264231;0.13945054;0.18262693;0.19915318;0.16685104;0.11455376;0.056655683;0.013970216;-0.0019921663;-0.0010820822;0.00009351327;0;0;0;0;0;0;0;0;0;0
lips_blow;0;0;0;-0.000206747;0.002045205;0.004357591;0.0054801474;0.0060298564;0.00518935;0.0033616268;0.0026543136;0.0013382894;-0.00013382893;0;0;0;0;0;0.00005009639;-0.001109635;0.005084784;0.0105560245;0.017888587;0.018733663;0.014784399;0.006094703;0.0032825065;-0.0019537595;-0.0011665304;0.016317112;0.046509728;0.07197182;0.07432396;0.052533224;0.021066725;0.0038526512;-0.0005093133;0;0;0;-0.00110387;0.010881255;0.023735832;0.029905958;0.024334127;0.01208834;-0.0012804001;-0.0011196147;0.009337331;0.022880852;0.044569887;0.07178065;0.09373353;0.10577917;0.09840948;0.06911227;0.034527145;0.010670413;-0.0021636875;-0.002572569;0.0018031126;0.0057014474;0.008561713;0.007857977;0.0039981697;0.00012166254;0.001455181;0.002194699;0.0019418315;0.0012722893;-0.00075224106;0.007656;0.026605159;0.05889268;0.09142989;0.09897935;0.07698146;0.04221456;0.011584195;-0.0013263617;0;0;0;0;0;0;0;0;0;0;0;0;0;0;0;0;0;0;0;0
lip_lower_center_up;0;0;0;0;0;0;0;0;0;0;0;0;0;0;0;0;0;0;0.000046756635;-0.0010637135;0.005026337;0.010754026;0.013968544;0.011455375;0.006008227;-0.00059614703;0;0;-0.0014889762;0.013681882;0.041365705;0.06630814;0.06982881;0.051362716;0.020442113;0.0037182653;-0.0004926145;0;0;0;-0.0010735472;0.01058036;0.023107797;0.029083744;0.023634369;0.0116947265;-0.0012702217;-0.0014984389;0.008954637;0.01723687;0.021170363;0.016735906;0.008167567;-0.00082009647;0;0;0;0;0;0;0;0;0;0;0;0;0;0;0;0;0;0;0;0;0;0;0;0;0;0;0;0;0;0;0;0;0;0;0;0;0;0;0;0;0;0;0;0;0;0
lip_lower_right_up;0;0;0;0;0.00007792773;-0.0014917593;0.0049539767;0.017700724;0.03473127;0.05195998;0.06928443;0.088136256;0.09303457;0.07724864;0.04535171;0.015189227;-0.0016520679;-0.0005566266;0.0041168104;0.024317902;0.05507263;0.08279263;0.08576502;0.06322165;0.030122405;0.007930816;-0.0009240002;0;-0.00028387955;0.001781205;0.015273832;0.038045425;0.05171061;0.04848218;0.029885283;0.008739038;-0.0009796628;0;0;0;0;0;0;0;0;0;-0.0009017351;0.0074439533;0.03376868;0.054011334;0.057369653;0.040485308;0.014832244;-0.0015733978;0;0;0;-0.00069578324;0.0060783625;0.021558149;0.04650615;0.05894675;0.053352658;0.031143257;0.010642699;-0.0011522169;0;0;0;0;0;0;0;0;0.0000667952;-0.0007533013;-0.0014026993;0.0092400005;0.019203616;0.024046266;0.019326076;0.009117544;-0.0009202893;0;0;0;0;0;0;0;0;0;0;0;0;0;0;0;0;0
lip_lower_left_up;0;0;0;0;0.00007792773;-0.0014917593;0.0049539767;0.0176651;0.03503853;0.053093273;0.07176699;0.09223303;0.097654566;0.081031464;0.047551494;0.015899481;-0.0017299955;-0.00057889166;0.0042693256;0.025406105;0.057738874;0.08493564;0.08640236;0.0620082;0.02818757;0.0066477912;-0.00080154225;0;0;0;0;0;0;0;0;0;0;0;0;0;0;0;0;0;0;0;-0.0008943133;0.0073697353;0.033620242;0.05382579;0.057221215;0.040411092;0.014839665;-0.0015733978;0;0;0;-0.00069578324;0.0060783625;0.021558149;0.04650615;0.05894675;0.053352658;0.031143257;0.010642699;-0.0011522169;0;0;0;-0.0007792773;0.007937496;0.014138316;0.016587473;0.011967472;0.0049651098;-0.002979808;-0.0012579763;0.0092400005;0.019203616;0.024046266;0.019326076;0.009117544;-0.0009202893;0;0;0;0;0;0;0;0;0;0;0;0;0;0;0;0;0
lip_lower_center_down;0;0;0;-0.0015251568;0.013585399;0.04476391;0.093769304;0.13588814;0.15306784;0.14234279;0.13258845;0.13539757;0.14775096;0.1516734;0.14188302;0.13049644;0.13245776;0.15266599;0.16210526;0.14900105;0.11709421;0.09085719;0.09017882;0.1223725;0.15389241;0.15606862;0.1350599;0.10186824;0.0677563;0.039687477;0.021762244;0.021985266;0.033902645;0.047815155;0.05377756;0.058071002;0.08248743;0.124155566;0.17341922;0.184749;0.15220822;0.092637874;0.06553146;0.07903264;0.13116626;0.16312777;0.16826878;0.16357529;0.1612831;0.15932213;0.14805543;0.13351691;0.1279256;0.14133528;0.16356473;0.18217997;0.18406083;0.16389202;0.15458801;0.15746632;0.16327082;0.17121278;0.1634868;0.18398735;0.26046228;0.35209414;0.39827186;0.37674156;0.28051755;0.17048359;0.11044584;0.097977415;0.11537756;0.1361954;0.14007507;0.113084264;0.08716216;0.071317226;0.067845546;0.11484013;0.2110483;0.32408834;0.4029428;0.4194421;0.3773786;0.29058662;0.19025274;0.09645309;0.030029448;-0.0033430995;0;0;0;0;0;0;0;0;0;0
lip_lower_right_down;0;0;0;-0.000029686713;-0.00020409677;0.0038555653;0.026819007;0.062212296;0.082773335;0.07897566;0.06158294;0.056163628;0.05994201;0.060211424;0.03870392;0.012623179;0.0020522824;0.021644425;0.035757694;0.03880077;0.026373524;0.017698128;0.030162293;0.06594541;0.09987921;0.11021614;0.11812545;0.123506166;0.12200698;0.09886246;0.062470205;0.018604688;0.0017088435;-0.0027163378;0.016242364;0.045701828;0.074866265;0.08560917;0.071234286;0.038535256;0.016083725;0.0075116763;0.024098039;0.060942266;0.099160254;0.11927673;0.11944372;0.10786589;0.08806445;0.06292664;0.034141805;0.007496648;0.0033906891;0.022102527;0.059854332;0.11069494;0.15428409;0.17644534;0.18416074;0.17194642;0.14793049;0.1286364;0.11204338;0.10296479;0.09204377;0.08582996;0.08362386;0.09498647;0.09476753;0.07533755;0.05201861;0.03680786;0.030002173;0.023189066;0.011544435;-0.0000111325235;0.0048259525;0.01799045;0.03654365;0.08114112;0.15202166;0.23356162;0.29009703;0.30227578;0.2720301;0.20950477;0.13717227;0.06951542;0.021624943;-0.0024079666;0;0;0;0;0;0;0;0;0;0
lip_lower_left_down;0;0;0;-0.000037108402;-0.000014843735;0.0031393734;0.02218936;0.050336856;0.06663043;0.06331962;0.050440017;0.048612054;0.05403954;0.05399946;0.035548404;0.012688861;-0.0013559425;0;0;0;-0.0007124821;0.005948483;0.0248608;0.05172546;0.07757892;0.08500727;0.09042586;0.094986476;0.09057429;0.06903655;0.04163196;0.025197746;0.02852897;0.03219343;0.04785505;0.07084001;0.092288695;0.10147303;0.07950853;0.035379186;0.024841689;0.034910504;0.07480171;0.12715301;0.16154139;0.15711899;0.13594438;0.103654824;0.08024737;0.061299432;0.03585139;0.015330424;0.022271372;0.04689282;0.083487034;0.121486545;0.14876959;0.16028759;0.16692562;0.1561911;0.13649736;0.121021755;0.10667749;0.09602921;0.08348286;0.07378457;0.06933527;0.079701506;0.081876054;0.067166284;0.048433933;0.034046996;0.027419426;0.020951424;0.010503544;-0.0006122893;0.0028554942;0.020171313;0.042424962;0.08596875;0.14832121;0.21706626;0.26280013;0.27419257;0.24658863;0.18978517;0.12419146;0.06291689;0.01957934;-0.002180028;0;0;0;0;0;0;0;0;0;0
lip_lower_in;0;0;0;-0.00027831324;0.0028091085;0.005306506;0.00670772;0.0022227946;-0.0028128205;-0.010601881;-0.011329207;0.012223518;0.036283147;0.047313254;0.0393869;0.018268485;-0.0018480002;0;0.000046756635;-0.0009643554;0.003030831;0.018190559;0.03762378;0.04496244;0.034810867;0.040521022;0.066073805;0.13350691;0.19534811;0.22302914;0.19660145;0.14995521;0.08533309;0.043519855;0.015151377;0.0034121207;-0.0004258193;0;0.00018554219;-0.0030874219;0.008609155;0.020001443;0.027089152;0.022784576;0.012505542;-0.0012319998;0;-0.0022487717;0.020555109;0.0599331;0.1329536;0.23270999;0.3178026;0.3662831;0.34019154;0.23904164;0.11964187;0.037071053;-0.006499172;-0.0039060346;0.0062909015;0.013507473;0.01683981;0.023894127;0.042221986;0.061666805;0.0723058;0.05877977;0.0291227;0.0068242415;-0.0056738798;0.018287035;0.07873297;0.18946083;0.3056251;0.33800223;0.2654812;0.14623694;0.040177308;-0.0045977356;0;0;0;0;0;0;0;0;0;0;0;0;0;0;0;0;0;0;0;0
lip_upper_center_up;0;0;0;0;-0.0006976387;0.0058260257;0.02426855;0.05118219;0.07685306;0.09211985;0.09365872;0.09279707;0.081126094;0.059772793;0.032916673;0.010709497;-0.0011755954;0;0;0;-0.0010687232;0.00861658;0.041307263;0.0754563;0.09134243;0.09220075;0.0851724;0.09578802;0.117283076;0.11916077;0.09257814;0.06856081;0.045043338;0.032948587;0.025580704;0.024217896;0.036757767;0.06304909;0.09464415;0.113856114;0.12720048;0.12785694;0.12544155;0.114092685;0.095424354;0.070117325;0.049192987;0.044707134;0.06313648;0.0847219;0.098781176;0.11419528;0.12524933;0.13825102;0.13774839;0.112461396;0.076140404;0.047940023;0.043007754;0.06370202;0.08896006;0.0939697;0.07084743;0.062520295;0.10675355;0.17307375;0.21361473;0.1858205;0.10720999;0.036240105;0.023226174;0.050719813;0.09580657;0.13332877;0.1569186;0.15109071;0.12837665;0.096526556;0.06279916;0.047555115;0.055838272;0.073440745;0.08541461;0.08945127;0.08049154;0.062005136;0.040596444;0.020561228;0.006405658;-0.0007130386;0;0;0;0;0;0;0;0;0;0
lip_upper_left_up;0;0;0;-0.0010872773;0.009737255;0.0320988;0.05888905;0.07935752;0.08831066;0.08697162;0.09097728;0.10245826;0.09844665;0.07721079;0.04378425;0.014180619;-0.0015563281;0;-0.0010520243;0.0091643;0.034599904;0.05341945;0.054939043;0.037639085;0.012507399;-0.0013559423;0;0;0.00008906026;-0.0012505545;0.0007682378;0.01417524;0.039773013;0.07172736;0.09568226;0.09856652;0.08253019;0.056357328;0.028993934;0.023182571;0.03792334;0.054235656;0.068304025;0.07797967;0.08734399;0.09763231;0.09380494;0.07791548;0.06930892;0.07468148;0.08854817;0.09617395;0.08627712;0.076848425;0.06668193;0.060740765;0.05916106;0.06453946;0.07273996;0.08629159;0.09596214;0.10114462;0.098205626;0.09858692;0.10343234;0.10703929;0.09400402;0.07355635;0.055602174;0.058055967;0.0779741;0.09783083;0.090167016;0.06343688;0.0430688;0.038032256;0.04187316;0.03972885;0.037434064;0.042516436;0.066403314;0.093037345;0.102555655;0.08594537;0.058587734;0.028409667;0.0062069427;-0.0018535664;-0.0010186266;0.00009351327;0;0;0;0;0;0;0;0;0;0
lip_upper_center_down;0;0;0;0;0;0;0;-0.00042748923;0.003673735;0.01372641;0.029930925;0.050816294;0.06619403;0.07599735;0.07006815;0.051699474;0.027370444;0.0097520985;-0.001213817;0.00075979525;0.012039834;0.021624943;0.025190137;0.01917022;0.00860322;-0.0008766869;0;0;-0.0013442532;0.012351544;0.03734964;0.059879106;0.06306579;0.046394825;0.01847165;0.003362024;-0.00044530124;0;0;0;-0.0009755809;0.009617023;0.020960702;0.026552944;0.021756677;0.011000798;-0.00084570114;-0.0011592676;0.008150869;0.015678316;0.019222172;0.015177351;0.0073882896;-0.00074216875;0;0;0;0;0;0;0;0;0;0;0;0;0;0;0;0;0;0;0;0;0;0;0;0;0;0;0;0;0;0;0;0;0;0;0;0;0;0;0;0;0;0;0;0;0;0
lip_upper_right_down;0;0;0;0;0.0000333976;-0.0012245785;0.007336338;0.025994461;0.039631814;0.040021453;0.026974125;0.008126749;-0.0009017351;0.000012245786;-0.00009796629;-0.0007102556;0.00039798772;0.013654051;0.025103861;0.029432748;0.02243428;0.0098823495;-0.0010102774;0;0;0;0;0;-0.00027274704;0.0017032773;0.0147506045;0.036765184;0.049985066;0.046867955;0.028894486;0.008438459;-0.00094626524;0;0;0;0;0;0;0;0;0;-0.0010130603;0.008605447;0.03551278;0.055829644;0.05839013;0.040633738;0.0142385075;-0.0015251568;0;-0.0009870846;0.00945152;0.02298868;0.041335087;0.059586875;0.080488205;0.0814122;0.06974347;0.040466752;0.013559425;-0.0014750606;0;0;0;0;0;0;0;0;0.00007792773;-0.0008943134;-0.0014509403;0.01044686;0.024463367;0.043341268;0.06309464;0.08102599;0.090676226;0.09516727;0.08560554;0.06589762;0.043144684;0.021911325;0.0068264683;-0.00075979525;0;0;0;0;0;0;0;0;0;0
lip_upper_left_down;0;0;0;0;0.00004453013;-0.0011800484;0.0054220995;0.023929378;0.038173452;0.04011886;0.02808738;0.009612942;-0.0010347689;0;0;0;0;0;0;0;0;0;0;0;0;0;0;0;-0.00028387955;0.001781205;0.015273832;0.038045425;0.05171061;0.04848218;0.029885283;0.008739038;-0.0009796628;0;0;0;0;0;0;0;0;0;-0.0010724339;0.008868917;0.040002897;0.06391929;0.06783422;0.04783278;0.017481785;-0.0018554219;0;0;0;-0.0007124821;0.006134025;0.02276046;0.051599286;0.06696218;0.061869044;0.037138123;0.012980531;-0.0013971328;0;0;0;0;0;0;0;0;0.0000667952;-0.0007644338;-0.0012653979;0.009202892;0.018962411;0.023619518;0.018917881;0.008846652;-0.0008943133;0;0;0;0;0;0;0;0;0;0;0;0;0;0;0;0;0
lip_upper_in;0;0;0;-0.00040448192;0.0040856386;0.007681446;0.009430367;0.0057221204;0.00026161413;-0.002215374;0.009317001;0.03182791;0.046863504;0.045740787;0.029562438;0.010342122;-0.00111047;0;0.000058445785;-0.0012565843;0.005552349;0.0111854095;0.0236942;0.027775666;0.024675258;0.012963;0.0031761122;-0.00045086682;0.0044112667;0.025499064;0.05627495;0.08138493;0.07893855;0.058584947;0.023414496;0.004302724;-0.0005677591;0;0;0;-0.0012327426;0.0121763935;0.02617741;0.033716734;0.02818572;0.015041908;-0.000019296156;-0.0006631278;0.01014285;0.01948193;0.023767956;0.018702654;0.009039616;-0.00090915675;0;0;0;0.000055662655;-0.00055662653;-0.0019314943;0.006790845;0.015251569;0.019899402;0.016420485;0.008182411;-0.00081824115;0;0;0;-0.0018183135;0.017737832;0.040819284;0.05436386;0.0474988;0.02615959;0.010182555;0.03463331;0.066047646;0.102262884;0.114222;0.09436602;0.056563284;0.024408072;-0.00036069343;-0.0012891472;0.0004475277;0.0001486193;-0.000015028918;0;0;0;0;0;0;0;0;0;0;0;0
cheek_right_up;0;0;0;0;0;0;0;0;0;0;0;0;0;0;0;0;0;0;0;0;0;0;0;0;0;0;0;0;0;0;0;0;0;0;0;0;0;0;0;0;0;0;0;0;0;0;0;0;0;0;0;0;0;0;0;0;0;-0.00046995186;0.0042558075;0.013590435;0.023080122;0.025406027;0.019716509;0.008881375;0.0020133976;-0.0002457109;0;0;0;0;0;0;0;0;0;0;0;0;0;0;0;0;0;0;0;0;0;0;0;0;0;0;0;0;0;0;0;0;0;0
cheek_left_up;0;0;0;0;-0.000060433744;0.00023855426;0.0048665064;0.008826507;0.010353254;0.007920001;0.003597398;-0.00036578317;0;0;0;0;0;0;0;0;0;0;0;0;0;0;0;0;0;0;0;0;0;0;0;0;0;0;0;0;0;0;0;0;0;0;0;0;0;0;0;0;0;0;0;-0.00018607233;0.001477446;0.0068814955;0.018548388;0.031509835;0.038138464;0.03601136;0.025926873;0.013902942;0.0058135674;0.0018058557;-0.00034828924;0.00004055422;-0.0000023855423;-0.00045643377;0.004432338;0.0104486765;0.014050845;0.012428676;0.007204338;0.0008635663;-0.00013200002;-0.00013275545;0.00090674474;0.0063346885;0.016509265;0.028449738;0.036923543;0.038336266;0.034496374;0.02657363;0.017398475;0.008811955;0.0027452821;-0.00030558798;0;0;0;0;0;0;0;0;0;0
nostrils_out;0;0;0;0;0;0;0;0.00006361446;-0.00053674704;-0.002783133;-0.00013915641;0.023875304;0.044887956;0.05264495;0.03985844;0.016778314;-0.0017295183;0;0;-0.0005510603;0.005510603;0.011021206;0.013776507;0.011021206;0.005510603;-0.0005510603;0;0;0;0;0;0;0;0;0;0;0;0;0;0;0;0;0;0;0;0;0.00012722892;-0.0022901208;0.0076337364;0.017175905;0.022901207;0.01908434;0.010305543;-0.0010178314;0;0;0;0;0;0;0;0;0;0;0;0;0;0;0;-0.0014048194;0.013703616;0.03154217;0.04201205;0.036710843;0.020065062;0.009102169;0.0331723;0.062343765;0.09192211;0.09823665;0.07749674;0.04418104;0.019108195;0.00015267477;-0.00058922905;0.00057253015;0.00018130122;-0.00001908434;0;0;0;0;0;0;0;0;0;0;0;0
tongue_front;0;0;0;0;0;0;-0.00011927713;0.0010591809;0.003689639;0.0054342654;0.010187857;0.030900728;0.046271574;0.049660634;0.036323864;0.014952582;-0.0015490124;0;0;0;0;-0.0039759045;0.037309885;0.10400965;0.14838074;0.140747;0.08874218;0.020515662;-0.002449157;0;0;0;0;-0.0022702413;0.020945061;0.062282536;0.097922534;0.11263737;0.094010256;0.052676756;0.023966752;0.008687352;-0.0009383135;0;0;-0.0010867472;0.008720483;0.04150844;0.087072305;0.10933737;0.09621689;0.05431085;0.014134604;0.0038492056;0.024657765;0.05821784;0.0987111;0.13050374;0.14328256;0.12495259;0.086218014;0.042701215;0.012600964;-0.0018739753;-0.00082168536;-0.0010867453;-0.00088529976;-0.00060963794;0.000058313188;-0.0015320485;0.014530605;0.038539764;0.0540988;0.05038796;0.031118076;0.0063667474;-0.00078987965;0.000116891584;-0.0010043134;-0.0039862413;-0.006607953;-0.003482892;0.014356193;0.053278703;0.101013415;0.119811505;0.101540625;0.057598934;0.016729815;-0.001884579;0;0;0;0;0;0;0;0;0;0
tongue_up;0;0;0;-0.00020674705;0.0012192776;0.011275666;0.03397012;0.066171765;0.09969978;0.12506287;0.13419789;0.12518796;0.096757606;0.058999237;0.025286753;0.005658506;-0.0006965784;0;0.0000166988;-0.0010770725;0.008766869;0.016294582;0.036832117;0.052651573;0.056006707;0.04094293;0.024544582;0.0033344575;-0.00032337348;-0.00254988;0.004278074;0.036350902;0.063123845;0.10241135;0.11187399;0.09208593;0.053844348;0.026625834;-0.0026853257;0;-0.0029652293;0.02797287;0.07512073;0.11581411;0.13650075;0.13349496;0.098802015;0.0788565;0.08060748;0.07791182;0.07298169;0.053913258;0.020962156;0.0018599285;0.0238268;0.059163447;0.099556655;0.1304693;0.14497858;0.14696851;0.13959716;0.13840124;0.13466388;0.14128773;0.15416172;0.15624508;0.12724485;0.08377986;0.039557867;0.035711966;0.07882164;0.11923737;0.13374345;0.10618805;0.057680037;0.039600406;0.04884001;0.05372772;0.04742459;0.025684342;0.0007474701;-0.00084289175;0.000047710855;0;0;0;0;0;0;0;0;0;0;0;0;0;0;0;0;0
tongue_down;0;0;0;-0.0013040965;0.011392291;0.040946513;0.080907;0.10723914;0.11669969;0.11241418;0.13185902;0.19473979;0.24806462;0.26198247;0.24079823;0.20951839;0.19280463;0.20089927;0.19368778;0.1793839;0.16954687;0.16708834;0.1583277;0.14905137;0.13747062;0.12708052;0.13236952;0.14089279;0.12558822;0.0903564;0.047485553;0.032121595;0.04087601;0.046115186;0.07464893;0.11772917;0.15519279;0.17466146;0.13931568;0.088588454;0.0915407;0.11981361;0.17224042;0.22860388;0.22736473;0.1769834;0.11877563;0.086841434;0.1040775;0.12479302;0.09985748;0.052324224;0.034081977;0.048815355;0.08159788;0.10744085;0.121830985;0.12760732;0.1359049;0.12707573;0.11452764;0.08909206;0.05750748;0.026850605;0.00869398;-0.0017918043;-0.002677106;0.014334461;0.04858555;0.07061735;0.08428916;0.077291586;0.05399278;0.03143615;0.04457519;0.07108386;0.10429061;0.11420255;0.09934803;0.09800789;0.1522787;0.23403205;0.2920047;0.30366763;0.273209;0.21030465;0.13763148;0.06976757;0.021758534;-0.0024213255;0;0;0;0;0;0;0;0;0;0
tongue_roll;0;0;0;-0.0013942171;0.012834219;0.036615428;0.078964114;0.11514749;0.15103135;0.1690846;0.1701528;0.13346845;0.08458339;0.030562619;0.010085439;0.01552034;0.031624977;0.05507105;0.06527004;0.057116885;0.043667514;0.024299137;0.035466228;0.074598566;0.09566556;0.0845431;0.053489167;0.012145062;-0.0013465063;-0.0018872293;-0.0030281807;0.08796423;0.28342503;0.49074918;0.5521763;0.43736273;0.21212126;0.056131814;0.004356266;0.03860338;0.068368055;0.109464064;0.12793559;0.116846524;0.07037086;0.032917835;0.00002491635;0.009027424;0.05288642;0.08415665;0.08927231;0.06292531;0.0230401;-0.0034123864;-0.00093301275;0.025774458;0.05630145;0.09023447;0.11344155;0.13152184;0.15423062;0.16369063;0.1321564;0.07795159;0.026288679;-0.0028546993;-0.004384097;0.036080003;0.15960604;0.3169144;0.44218016;0.4446651;0.3275807;0.17029327;0.10854086;0.13497172;0.19808218;0.21959713;0.1778748;0.093065575;0.036233213;0.013496605;-0.0028841214;-0.00536747;0.012516944;0.030866537;0.041823335;0.035153355;0.017118653;-0.0017175907;0;0;0;0;0;0;0;0;0;0
tongue_wide;0;0;0;0;0;0;0.00013995184;-0.0013995185;-0.003884459;0.0038089158;0.04879627;0.15244809;0.22207494;0.2212392;0.14594351;0.05223543;-0.005578194;0;0;0;0;0.00019084342;-0.0028865065;0.0059638564;0.014790365;0.020634944;0.017653015;0.009971569;-0.0008508436;-0.0017812053;0.0006149408;0.026293982;0.04877109;0.054856874;0.06578796;0.07381398;0.07357543;0.07082411;0.04527229;0.009054455;0.028828751;0.072966315;0.15277599;0.23499319;0.2563928;0.20032726;0.113886595;0.055400774;0.076625474;0.13750799;0.15584351;0.123408094;0.05805616;0.012986628;-0.002548555;-0.0020197593;-0.000011927711;-0.001208675;0.012484338;0.022177592;0.025127714;0.017096387;0.0056855422;-0.0050414465;-0.00047710846;0.000071566275;0;0;0;-0.0026718075;0.025530607;0.06531085;0.09054459;0.0831229;0.050467473;0.009202892;-0.0011874699;0;0;0;0;0;0;0;0;0;0;0;0;0;0;0;0;0;0;0;0;0;0;0
tongue_up_flat;0;0;0;0.0001749398;-0.003578314;0.014790365;0.03042362;0.05990893;0.07100964;0.07126411;0.06370989;0.08316001;0.11068917;0.1633467;0.21575388;0.2625668;0.2854756;0.26427835;0.22566597;0.17749216;0.1480983;0.11897198;0.087364554;0.06785014;0.08243906;0.09763841;0.11800432;0.101446524;0.0650617;0.032260485;0.011220003;-0.003918651;0.00022742171;-0.0022901208;0.021382412;0.060481455;0.09117014;0.109371826;0.09245303;0.11029158;0.17213279;0.22246458;0.23047681;0.21315089;0.14845496;0.103832066;0.06326459;0.021588633;0.018804967;0.03557109;0.040169887;0.030163864;0.013078075;-0.0013412051;0;0;0;0.00009542171;-0.00085879536;-0.004150844;0.008587954;0.021469884;0.029342175;0.024905065;0.012977351;-0.0012881929;0;0;0;-0.001876627;0.01886169;0.03657832;0.045007236;0.033742175;0.030004825;0.034277596;0.053240005;0.050877;0.029758317;0.00067723054;-0.01124253;-0.0067630135;0.010264988;0.04457386;0.08360134;0.09815316;0.08261135;0.04672086;0.013545114;-0.0015267475;0;0;0;0;0;0;0;0;0;0
tongue_low;0;0;0;-0.0009860243;0.0078033754;0.04013013;0.06429939;0.1018139;0.1462062;0.19651675;0.23380648;0.24000147;0.20662615;0.17612381;0.16552643;0.15567888;0.12795652;0.075526275;0.031409644;0.0012086744;0.0041110846;0.04803687;0.10623801;0.14798847;0.14256267;0.09348915;0.030672772;0.028520485;0.054734945;0.073586024;0.0734429;0.15637311;0.34918338;0.6103848;0.7470843;0.6980515;0.5181769;0.35501593;0.29003915;0.25692558;0.18836774;0.16104348;0.17116879;0.18023567;0.17541689;0.1135558;0.026137592;0.033969596;0.07986611;0.14724629;0.1770364;0.15373495;0.08342336;0.047298424;0.08110209;0.19512743;0.329352;0.43330598;0.46178895;0.38865498;0.26391414;0.12831037;0.033826992;-0.0011768674;0.000333976;-0.000047710855;-0.005014941;0.041206274;0.18163045;0.37773716;0.5589034;0.59954244;0.48439905;0.29216537;0.12810153;0.06579301;0.08235954;0.09612146;0.08437929;0.046279527;0.0020515677;-0.00055662676;0;0;0;0;0;0;0;0;0;0;0;0;0;0;0;0;0;0
tongue_back;0;0;0;-0.0026824102;0.025440486;0.06645062;0.10230267;0.13233134;0.17635785;0.20461726;0.2096574;0.15915546;0.10371148;0.09466279;0.15370113;0.22824126;0.29265267;0.36646545;0.41428766;0.42203394;0.38734436;0.33148512;0.25959852;0.22746941;0.19979395;0.18081617;0.17489314;0.162254;0.12013061;0.07174122;0.041821208;0.042915646;0.06146774;0.09465435;0.12285942;0.1438999;0.15066956;0.15826246;0.12432572;0.083148085;0.040142853;0.044566702;0.06633398;0.104574226;0.10462989;0.0707711;0.062474184;0.135713;0.24980234;0.32585135;0.30675316;0.19270308;0.11078883;0.0989544;0.19269258;0.30126297;0.3773467;0.35531422;0.29355055;0.23770419;0.2712946;0.28952003;0.26471835;0.16304918;0.04920049;0.03381904;0.1433393;0.27553016;0.3623912;0.3548495;0.30592728;0.2575975;0.21473062;0.15480316;0.12880418;0.14060387;0.20286386;0.27731377;0.3167444;0.409437;0.61966187;0.89210373;1.0804701;1.1267596;1.0135335;0.7803849;0.51094145;0.25896496;0.080621794;-0.008975604;0;0;0;0;0;0;0;0;0;0
normal0;0;0;0;-0.0025864583;0.020591471;0.09854888;0.22524635;0.34151417;0.3594457;0.28085187;0.19603203;0.20427082;0.2361711;0.23546302;0.15065318;0.048790544;0.0036681716;0.061078645;0.119272284;0.20084143;0.30513158;0.39884615;0.43402755;0.4159652;0.3509477;0.2820837;0.24359834;0.23864067;0.22223873;0.18264773;0.12830614;0.084872566;0.060590662;0.059020046;0.123817876;0.21618634;0.29956254;0.3397834;0.27706093;0.14304468;0.09601752;0.10404686;0.19696511;0.3507851;0.48374748;0.5458698;0.5370718;0.5010663;0.46629444;0.4418836;0.37222064;0.25921434;0.14663965;0.12539071;0.21109064;0.38815388;0.5607223;0.6539767;0.66974616;0.59528095;0.4708237;0.33130413;0.1904331;0.09192688;0.045509793;0.068416834;0.13918263;0.24810702;0.33812094;0.33524877;0.27799788;0.21627541;0.15907645;0.109729655;0.0723095;0.015258991;-0.0035586993;0.026348937;0.078758016;0.2177834;0.44065517;0.6899917;0.8598979;0.89502716;0.80503225;0.6198468;0.40580663;0.20563567;0.06398645;-0.0071245423;0;0;0;0;0;0;0;0;0;0
normal1;0;0;0;-0.0025864583;0.020591471;0.09854888;0.22524635;0.34151417;0.3594457;0.28085187;0.19603203;0.20427082;0.2361711;0.23546302;0.15065318;0.048790544;0.0036681716;0.061078645;0.119272284;0.20084143;0.30513158;0.39884615;0.43402755;0.4159652;0.3509477;0.2820837;0.24359834;0.23864067;0.2222276;0.1827739;0.12842488;0.08440872;0.05955163;0.057771355;0.12229458;0.2144812;0.2977423;0.33797437;0.27586412;0.14277193;0.0953646;0.102398135;0.19342162;0.3453163;0.4777526;0.54116076;0.5342982;0.50031936;0.46638018;0.4418836;0.37222064;0.25921434;0.14663965;0.12539071;0.21109064;0.38815388;0.5607223;0.6539767;0.66974616;0.59528095;0.4708237;0.33130413;0.1904331;0.09192688;0.045509793;0.068416834;0.13918263;0.24810702;0.33812094;0.33524877;0.27799788;0.21627541;0.15907645;0.109729655;0.0723095;0.015258991;-0.0035586993;0.026348937;0.078758016;0.2177834;0.44065517;0.6899917;0.8598979;0.89502716;0.80503225;0.6198468;0.40580663;0.20563567;0.06398645;-0.0071245423;0;0;0;0;0;0;0;0;0;0
normal3;0;0;0;-0.00020780734;-0.00024491508;0.025471235;0.067680225;0.12979864;0.1759608;0.19902183;0.21094738;0.2657447;0.27834114;0.24440023;0.14943253;0.05011309;0.0065392484;0.06554557;0.105581485;0.1217053;0.1421296;0.13647462;0.12943609;0.116937965;0.07403561;0.027101036;0.015084581;0.00685764;0.0127059305;0.012227231;0.023118557;0.09646599;0.1540645;0.211571;0.23054732;0.2075387;0.15468468;0.11966192;0.052290898;0.010620437;0.034703992;0.089240976;0.18860865;0.2900368;0.31302175;0.2645062;0.21715508;0.2239103;0.29161054;0.3234836;0.24736878;0.12340413;0.043271035;0.056972396;0.1525196;0.23992276;0.28766856;0.24919526;0.19273643;0.11832936;0.073328316;0.039314535;0.020483859;-0.0025716145;-0.0046905065;0.03520106;0.118628256;0.21255955;0.24967486;0.24381663;0.2299443;0.2315511;0.23679593;0.1973581;0.11152851;0.06941441;0.08594871;0.12849577;0.17743029;0.27934998;0.45395347;0.69020134;0.85967433;0.895033;0.80503225;0.6198468;0.40580663;0.20563567;0.06398645;-0.0071245423;0;0;0;0;0;0;0;0;0;0
normal4;0;0;0;-0.00020780734;-0.00024491508;0.025471235;0.067680225;0.12979864;0.1759608;0.19902183;0.21094738;0.2657447;0.27834114;0.24440023;0.14943253;0.05011309;0.0065392484;0.06554557;0.105565906;0.121837765;0.14267507;0.13733183;0.13033226;0.11756139;0.0742538;0.027077658;0.015084581;0.00685764;0.0127059305;0.012227231;0.023118557;0.09646599;0.1540645;0.211571;0.23054732;0.2075387;0.15468468;0.11966192;0.052290898;0.010620437;0.034703992;0.089240976;0.18860865;0.2900368;0.31302175;0.26449507;0.217233;0.22444464;0.29277948;0.32498643;0.24870464;0.12417227;0.043460287;0.056950126;0.1525196;0.23992276;0.28766856;0.24919526;0.19273643;0.11832936;0.073328316;0.039314535;0.020483859;-0.0025716145;-0.0046905065;0.03520106;0.118628256;0.21255955;0.24967486;0.24381663;0.2299443;0.2315511;0.23679593;0.1973581;0.11152851;0.06941441;0.08594871;0.12849577;0.17743029;0.27934998;0.45395347;0.69020134;0.85967433;0.895033;0.80503225;0.6198468;0.40580663;0.20563567;0.06398645;-0.0071245423;0;0;0;0;0;0;0;0;0;0
normal5;0;0;0;-0.00017440955;0.0017366739;0.003562408;0.0045086727;0.0018786129;0.018329712;0.050513867;0.07962636;0.08043255;0.0551617;0.017345043;-0.002776454;-0.005358088;0.012110525;0.06447406;0.105244175;0.11021708;0.08913373;0.051170126;0.037086356;0.0440236;0.03617238;0.015111299;0.006623857;-0.0032006032;0.0002115181;0;0;0;0;0;0;0;0;0;0;0;0;0;0;0;0;-0.0032284341;0.028922314;0.095895626;0.17082646;0.19531134;0.15569513;0.06885025;0.032975942;0.05795484;0.14986558;0.23599382;0.28447348;0.24956468;0.17237568;0.073378034;0.029150346;0.016349975;0.026254218;0.022461737;0.008742747;0.032855812;0.11774508;0.20475323;0.22767885;0.1738716;0.11390436;0.082740694;0.0811005;0.0680643;0.034188006;-0.0061228923;-0.0034436635;0.025517803;0.07940519;0.21824333;0.4383909;0.6826823;0.8488849;0.8837646;0.7948744;0.61193323;0.4005816;0.20294717;0.063144825;-0.0070310286;0;0;0;0;0;0;0;0;0;0
normal6;0;0;0;-0.00017812038;0.001773782;0.0036366244;0.0046014437;0.0019277812;0.018595038;0.051225416;0.08078136;0.08165712;0.05606621;0.01770963;-0.002721348;-0.0053297;0.012435037;0.06554557;0.106836125;0.11181626;0.090463504;0.05203067;0.037739284;0.04471381;0.036684472;0.0153105715;0.0067351814;-0.0032117353;0.0002115181;0;0;0;0;0;0;0;0;0;0;0;0;0;0;0;0;-0.0032729646;0.029334223;0.09709794;0.17283034;0.19749112;0.15728264;0.069308914;0.03308087;0.05854765;0.15178761;0.23917411;0.28830978;0.25289553;0.17464775;0.074320585;0.02947857;0.01650212;0.02656964;0.022758603;0.00888747;0.033264007;0.11923313;0.20741764;0.23059183;0.17603502;0.115247674;0.08368695;0.08206902;0.06896603;0.034633305;-0.006174844;-0.0034065545;0.025996407;0.08061345;0.22127159;0.4441693;0.6915205;0.85974205;0.89502716;0.80503225;0.6198468;0.40580663;0.20563567;0.06398645;-0.0071245423;0;0;0;0;0;0;0;0;0;0
normal13;0;0;0;-0.00033397594;0.0033508919;0.0051098317;0.020977585;0.051140066;0.090830326;0.1166745;0.11361026;0.073341124;0.07441652;0.13513124;0.25506812;0.37800524;0.44386938;0.4317675;0.37850222;0.27962208;0.17342103;0.08241239;0.033967357;0.042637594;0.066172324;0.06580439;0.052528854;0.026562221;0.010557352;0.008143447;0.002694073;-0.0024736486;0.00018368679;0;0;0;0;0;-0.005592242;0.053128153;0.1397875;0.19569136;0.18170147;0.11177434;0.022881065;-0.004093061;-0.0049391338;0.010935856;0.06542218;0.10843457;0.11753357;0.08282604;0.03036955;-0.003221013;0;-0.00042303625;0.0027905551;0.021406004;0.051027816;0.098303966;0.1660881;0.19343144;0.16346636;0.15135232;0.21503226;0.31755552;0.38151187;0.31911406;0.17086211;0.047624975;0.029467808;0.04545598;0.056386273;0.03954646;0.054495603;0.0940068;0.14832057;0.1727973;0.14584804;0.08529338;0.044674847;0.01952646;-0.0036898782;-0.0056892806;0.012367131;0.030954562;0.04208932;0.035418153;0.017261548;-0.0017316655;0;0;0;0;0;0;0;0;0;0
